Date,Close,High,Low,Open,Volume
2020-01-02,2961,2961,2927,2954,45886302
2020-01-03,2968,2981,2947,2968,91189705
2020-01-06,2934,2947,2900,2927,48648450
2020-01-07,2954,2961,2941,2961,114344885
2020-01-08,2941,2954,2914,2941,188929583
2020-01-09,2954,2968,2934,2954,79280569
2020-01-10,2961,2974,2947,2974,137292491
2020-01-13,3028,3028,2968,2974,122488655
2020-01-14,3068,3088,3035,3048,174258629
2020-01-15,3075,3075,3041,3068,112825318
2020-01-16,3068,3082,3028,3068,147387255
2020-01-17,3109,3115,3088,3102,133295352
2020-01-20,3129,3149,3109,3149,90022804
2020-01-21,3135,3142,3115,3135,81224962
2020-01-22,3162,3162,3135,3142,90609115
2020-01-23,3182,3196,3149,3169,153849977
2020-01-24,3182,3189,3142,3176,105620964
2020-01-27,3122,3156,3115,3156,103076840
2020-01-28,3102,3115,3068,3075,104935872
2020-01-29,3102,3129,3088,3102,214362682
2020-01-30,3075,3156,3075,3156,96500596
2020-01-31,2994,3075,2994,3068,150763654
2020-02-03,2994,3015,2988,2994,144745560
2020-02-04,3062,3149,3035,3149,123617275
2020-02-05,3062,3075,3028,3068,100395764
2020-02-06,3055,3082,3041,3082,104342852
2020-02-07,3055,3075,3048,3075,146349277
2020-02-10,3021,3041,2954,3021,187982906
2020-02-11,3028,3048,3008,3048,93666727
2020-02-12,3041,3062,3035,3035,143167912
2020-02-13,3068,3082,3048,3075,87683284
2020-02-14,3055,3082,3041,3041,139707803
2020-02-17,3001,3048,3001,3008,131738165
2020-02-18,2954,3021,2954,3001,97565635
2020-02-19,3008,3008,2988,2994,110893685
2020-02-20,3062,3075,3028,3035,108000305
2020-02-21,3028,3062,3028,3062,117658802
2020-02-24,3015,3048,3001,3048,113200755
2020-02-25,3021,3055,2994,2994,125324724
2020-02-26,3008,3028,3001,3021,164120194
2020-02-27,2881,3055,2874,3055,227877075
2020-02-28,2923,2923,2728,2783,211162617
2020-03-02,2776,2930,2776,2923,206428685
2020-03-03,2860,2916,2790,2825,218258509
2020-03-04,2944,2958,2881,2888,127937929
2020-03-05,2895,3000,2881,2993,146949558
2020-03-06,2797,2825,2790,2818,175334118
2020-03-09,2616,2755,2616,2721,163934401
2020-03-10,2728,2811,2637,2637,182576203
2020-03-11,2728,2811,2707,2755,195275262
2020-03-12,2518,2679,2511,2665,167137546
2020-03-13,2595,2630,2344,2518,295725807
2020-03-16,2442,2616,2414,2616,196265939
2020-03-17,2274,2490,2274,2442,229429422
2020-03-18,2190,2400,2156,2281,272919333
2020-03-19,2044,2190,2044,2183,151744210
2020-03-20,1960,2072,1904,2044,658210668
2020-03-23,1828,1883,1828,1849,180848183
2020-03-24,1702,1918,1702,1800,544651637
2020-03-26,2051,2093,1744,1744,698059077
2020-03-27,2253,2560,2093,2093,529032687
2020-03-30,2100,2197,2100,2197,239264252
2020-03-31,2107,2232,2072,2163,346502244
2020-04-01,2044,2149,2023,2100,298923123
2020-04-02,2002,2023,1953,1988,329876337
2020-04-03,2016,2058,1974,2044,322467159
2020-04-06,2107,2114,2030,2058,313615306
2020-04-07,2114,2260,2058,2163,445935822
2020-04-08,1967,2121,1967,2093,322246825
2020-04-09,1946,2030,1918,1995,292370749
2020-04-13,1932,1981,1883,1946,136106890
2020-04-14,2023,2023,1932,1946,241711574
2020-04-15,1925,2086,1904,2023,351010672
2020-04-16,1821,1932,1800,1932,404530667
2020-04-17,1974,1981,1856,1863,442565694
2020-04-20,1939,2023,1925,2009,244213568
2020-04-21,1897,1946,1877,1918,146163154
2020-04-22,1946,1974,1849,1883,197501041
2020-04-23,1953,2009,1946,1974,237791877
2020-04-24,1835,1953,1835,1953,323088010
2020-04-27,1856,1883,1821,1870,200872709
2020-04-28,1807,1877,1793,1870,295130807
2020-04-29,1800,1828,1786,1814,230054013
2020-04-30,1904,1911,1821,1828,475289499
2020-05-04,1835,1870,1814,1863,220673601
2020-05-05,1835,1870,1821,1835,203241160
2020-05-06,1828,1849,1814,1835,190361478
2020-05-08,1807,1856,1800,1842,226345299
2020-05-11,1828,1842,1814,1835,170062057
2020-05-12,1737,1835,1723,1828,405546974
2020-05-13,1723,1758,1702,1716,372457853
2020-05-14,1639,1730,1625,1702,517300545
2020-05-15,1563,1674,1542,1660,654135428
2020-05-18,1514,1584,1507,1570,501017513
2020-05-19,1653,1688,1570,1570,584451204
2020-05-20,1730,1744,1618,1646,433842983
2020-05-26,1758,1779,1723,1779,444514707
2020-05-27,1835,1835,1758,1772,476102523
2020-05-28,1904,1939,1842,1842,498739044
2020-05-29,2058,2058,1883,1883,959884609
2020-06-02,2218,2295,2058,2058,514215761
2020-06-03,2163,2288,2100,2232,481917223
2020-06-04,2135,2232,2114,2176,275162272
2020-06-05,2169,2183,2065,2142,294137820
2020-06-08,2302,2351,2211,2218,422772612
2020-06-09,2239,2344,2239,2337,279951975
2020-06-10,2114,2218,2093,2218,487562851
2020-06-11,2072,2183,2023,2183,409589324
2020-06-12,2114,2121,1953,2023,519350210
2020-06-15,2023,2128,2016,2121,253847754
2020-06-16,2183,2197,2065,2072,372556634
2020-06-17,2163,2232,2149,2232,240003025
2020-06-18,2128,2176,2121,2128,144039347
2020-06-19,2163,2169,2135,2149,183669732
2020-06-22,2135,2169,2114,2163,104916512
2020-06-23,2100,2135,2079,2107,188566907
2020-06-24,2176,2190,2100,2128,339338591
2020-06-25,2135,2169,2121,2163,174033235
2020-06-26,2114,2176,2107,2163,162039618
2020-06-29,2121,2135,2079,2121,130693147
2020-06-30,2114,2169,2114,2142,147418716
2020-07-01,2135,2142,2114,2121,111421694
2020-07-02,2135,2156,2121,2156,186436280
2020-07-03,2128,2156,2121,2135,54421019
2020-07-06,2121,2163,2114,2142,148148028
2020-07-07,2114,2149,2114,2142,228112810
2020-07-08,2225,2232,2114,2121,373640813
2020-07-09,2190,2253,2190,2225,211404181
2020-07-10,2169,2197,2163,2183,117829855
2020-07-13,2204,2218,2128,2183,105451891
2020-07-14,2211,2267,2183,2204,232365483
2020-07-15,2183,2260,2183,2232,182296468
2020-07-16,2190,2204,2183,2183,128809144
2020-07-17,2163,2197,2163,2190,131548742
2020-07-20,2128,2183,2114,2163,150206164
2020-07-21,2197,2218,2128,2128,224576578
2020-07-22,2163,2211,2156,2204,190916547
2020-07-23,2190,2204,2163,2176,162646279
2020-07-24,2156,2190,2156,2183,104287961
2020-07-27,2197,2197,2156,2156,103970385
2020-07-28,2190,2211,2163,2204,113763744
2020-07-29,2176,2197,2163,2190,73895646
2020-07-30,2204,2211,2169,2183,86328061
2020-08-03,2086,2218,2072,2211,373214336
2020-08-04,2149,2149,2093,2093,171919769
2020-08-05,2149,2169,2121,2163,177648668
2020-08-06,2169,2183,2156,2163,126064817
2020-08-07,2169,2183,2135,2169,98910738
2020-08-10,2183,2197,2163,2169,100613457
2020-08-11,2225,2246,2183,2183,189708286
2020-08-12,2337,2351,2225,2225,505369848
2020-08-13,2323,2407,2302,2337,235648930
2020-08-14,2330,2337,2288,2323,109069303
2020-08-18,2455,2462,2330,2330,288206078
2020-08-19,2483,2539,2455,2455,239290433
2020-08-24,2539,2546,2455,2462,214473234
2020-08-25,2651,2651,2539,2560,197233406
2020-08-26,2609,2665,2581,2651,178162157
2020-08-27,2581,2637,2553,2609,206786961
2020-08-28,2574,2609,2546,2588,85678499
2020-08-31,2449,2609,2442,2581,292651694
2020-09-01,2518,2532,2428,2476,216658972
2020-09-02,2553,2553,2504,2525,117619091
2020-09-03,2497,2574,2476,2553,197577052
2020-09-04,2476,2518,2428,2518,148013826
2020-09-07,2449,2490,2442,2476,104297421
2020-09-08,2455,2490,2449,2449,89521636
2020-09-09,2379,2435,2358,2428,196282440
2020-09-10,2218,2302,2218,2302,305637969
2020-09-11,2267,2309,2100,2107,641858446
2020-09-14,2400,2407,2302,2302,303482811
2020-09-15,2323,2414,2309,2400,215087925
2020-09-16,2274,2365,2260,2351,152384862
2020-09-17,2232,2309,2211,2281,184375724
2020-09-18,2246,2281,2225,2232,223172404
2020-09-21,2225,2267,2197,2232,125587849
2020-09-22,2183,2225,2163,2169,148046607
2020-09-23,2149,2218,2128,2211,132670981
2020-09-24,2114,2149,2100,2114,180569548
2020-09-25,2204,2218,2121,2135,186363128
2020-09-28,2156,2253,2149,2218,149014953
2020-09-29,2121,2204,2107,2176,200970281
2020-09-30,2121,2149,2093,2135,184622458
2020-10-01,2204,2211,2135,2156,143036570
2020-10-02,2163,2239,2135,2218,172772944
2020-10-05,2204,2211,2169,2204,101996951
2020-10-06,2225,2260,2218,2246,132900775
2020-10-07,2176,2211,2149,2204,317619596
2020-10-08,2197,2211,2169,2197,136318754
2020-10-09,2197,2211,2176,2197,89241681
2020-10-12,2225,2239,2197,2204,172174643
2020-10-13,2288,2302,2197,2225,224885904
2020-10-14,2344,2358,2295,2302,213271353
2020-10-15,2309,2358,2309,2344,201627762
2020-10-16,2267,2344,2239,2330,154490628
2020-10-19,2288,2295,2253,2274,105821057
2020-10-20,2267,2295,2239,2288,147444676
2020-10-21,2260,2309,2253,2288,128682202
2020-10-22,2302,2302,2232,2246,176153302
2020-10-23,2295,2337,2281,2337,128973377
2020-10-26,2330,2344,2295,2302,111346673
2020-10-27,2344,2372,2323,2330,201640192
2020-11-02,2358,2365,2302,2344,172465378
2020-11-03,2358,2372,2344,2365,133604017
2020-11-04,2295,2386,2295,2386,152055736
2020-11-05,2435,2435,2344,2351,258276321
2020-11-06,2483,2511,2421,2449,295649686
2020-11-09,2574,2574,2497,2567,283205831
2020-11-10,2790,2797,2630,2651,622129055
2020-11-11,2874,2923,2755,2769,392814584
2020-11-12,2755,2860,2735,2860,366633582
2020-11-13,2790,2846,2762,2769,261115910
2020-11-16,2762,2839,2742,2825,212327977
2020-11-17,2762,2804,2742,2790,198939646
2020-11-18,2818,2825,2769,2776,200926500
2020-11-19,2818,2881,2776,2797,219674674
2020-11-20,2804,2846,2783,2818,137266310
2020-11-23,2846,2860,2797,2797,135864336
2020-11-24,2930,2951,2846,2874,226784757
2020-11-25,3014,3062,2965,3014,311676963
2020-11-26,2993,3014,2944,2944,150181303
2020-11-27,2979,3048,2979,3021,126437063
2020-11-30,2853,2986,2783,2965,493687757
2020-12-01,2958,2972,2839,2881,251258199
2020-12-02,3000,3028,2965,3014,149985830
2020-12-03,3069,3069,3000,3034,218887830
2020-12-04,3000,3069,2979,3069,165420527
2020-12-07,3069,3083,3034,3034,154937236
2020-12-08,3069,3069,3028,3069,89400744
2020-12-10,3021,3104,3021,3104,212997338
2020-12-11,2986,3069,2972,3069,191894904
2020-12-14,2986,3007,2979,3000,140126140
2020-12-15,2986,2993,2958,2986,147085740
2020-12-16,3014,3034,3000,3028,143051750
2020-12-17,3021,3041,3007,3041,155902502
2020-12-18,2986,3000,2979,2979,228155710
2020-12-21,2937,3028,2937,3021,240869950
2020-12-22,2881,2986,2874,2958,188635658
2020-12-23,2902,2916,2755,2895,187175822
2020-12-28,2965,2972,2902,2965,94730336
2020-12-29,2916,2986,2909,2965,82725388
2020-12-30,2909,2937,2881,2923,99024700
2021-01-04,3007,3014,2895,2895,106226854
2021-01-05,2979,3000,2958,3000,106964857
2021-01-06,2930,3000,2902,2986,128299616
2021-01-07,2986,2993,2937,2972,141798389
2021-01-08,3062,3062,3000,3021,205011531
2021-01-11,3244,3251,3076,3083,422093240
2021-01-12,3293,3327,3258,3265,260390447
2021-01-13,3341,3376,3314,3327,231181533
2021-01-14,3327,3369,3293,3362,146980798
2021-01-15,3195,3327,3174,3327,225189839
2021-01-18,3223,3244,3167,3195,182568723
2021-01-19,3223,3279,3216,3279,152430182
2021-01-20,3411,3432,3244,3258,277723446
2021-01-21,3341,3453,3327,3432,177275431
2021-01-22,3293,3390,3265,3390,183332136
2021-01-25,3334,3341,3216,3341,165278734
2021-01-26,3244,3341,3223,3334,163850580
2021-01-27,3223,3293,3139,3244,198692361
2021-01-28,3118,3244,3083,3195,176270344
2021-01-29,2916,3216,2916,3188,308226863
2021-02-01,3069,3097,2762,2916,355113743
2021-02-02,3041,3132,2972,3132,167527833
2021-02-03,3055,3125,3041,3125,124241205
2021-02-04,3132,3195,3048,3104,162519997
2021-02-05,3118,3167,3083,3167,99005120
2021-02-08,3111,3160,3104,3160,120218986
2021-02-09,3223,3327,3139,3139,464366860
2021-02-10,3244,3286,3209,3230,202155881
2021-02-11,3265,3286,3230,3279,99681961
2021-02-15,3286,3334,3279,3286,93158189
2021-02-16,3258,3307,3251,3307,71623667
2021-02-17,3230,3300,3223,3286,101529553
2021-02-18,3258,3327,3244,3279,152089286
2021-02-19,3341,3341,3209,3209,109884637
2021-02-22,3341,3397,3320,3383,157619632
2021-02-23,3341,3369,3307,3355,107810772
2021-02-24,3300,3362,3286,3341,105582023
2021-02-25,3300,3327,3258,3327,131635423
2021-02-26,3286,3314,3279,3300,161796404
2021-03-01,3369,3369,3293,3348,127020403
2021-03-02,3348,3404,3348,3397,75195758
2021-03-03,3383,3383,3307,3348,85026738
2021-03-04,3320,3383,3300,3383,117897176
2021-03-05,3327,3327,3279,3307,71188389
2021-03-08,3300,3362,3300,3348,69917647
2021-03-09,3195,3314,3181,3314,165527119
2021-03-10,3230,3251,3202,3244,77405916
2021-03-12,3195,3272,3167,3272,152360111
2021-03-15,3188,3230,3181,3195,95483079
2021-03-16,3293,3327,3216,3251,151028868
2021-03-17,3258,3279,3209,3265,116245827
2021-03-18,3320,3327,3272,3286,95635541
2021-03-19,3258,3314,3258,3314,166398004
2021-03-22,3230,3279,3223,3279,67100278
2021-03-23,3258,3293,3244,3293,115036356
2021-03-24,3258,3300,3244,3300,120514341
2021-03-25,3223,3279,3195,3279,95145043
2021-03-26,3293,3293,3223,3230,106978057
2021-03-29,3293,3334,3293,3334,106807554
2021-03-30,3139,3279,3125,3279,214898061
2021-03-31,3069,3125,2972,3104,323139711
2021-04-01,2993,3048,2937,3034,340183845
2021-04-05,2930,3021,2902,3014,345533898
2021-04-06,3001,3022,2965,2979,167319270
2021-04-07,3001,3029,2972,3022,116953800
2021-04-08,3108,3115,3022,3036,158572578
2021-04-09,3108,3143,3108,3129,125277643
2021-04-12,3008,3136,3001,3136,115119078
2021-04-13,2972,3043,2943,3008,120186645
2021-04-14,3108,3108,3015,3058,113531640
2021-04-15,3151,3151,3058,3136,86272180
2021-04-16,3101,3186,3079,3179,74495706
2021-04-19,3129,3129,3079,3115,62185614
2021-04-20,3079,3093,3015,3065,98216076
2021-04-21,3022,3065,3022,3029,51954007
2021-04-22,3001,3043,3001,3022,118813822
2021-04-23,3036,3058,2993,3001,120513461
2021-04-26,2958,3036,2951,3029,157367288
2021-04-27,2979,3001,2965,3001,146082083
2021-04-28,2951,3015,2951,2979,126586116
2021-04-29,2972,3001,2958,2993,124711354
2021-04-30,2893,2972,2893,2965,257497837
2021-05-03,2865,2908,2858,2900,124235705
2021-05-04,2900,2908,2865,2872,84287635
2021-05-05,2922,2951,2915,2936,117321536
2021-05-06,2936,2951,2908,2951,86226199
2021-05-07,2893,2958,2886,2958,83358229
2021-05-10,2893,2922,2893,2893,81377755
2021-05-11,2850,2886,2843,2879,167031505
2021-05-17,2786,2858,2786,2829,214824800
2021-05-18,2786,2829,2779,2829,127276708
2021-05-19,2765,2815,2750,2750,135307947
2021-05-20,2772,2808,2729,2743,164832677
2021-05-21,2779,2822,2758,2800,121124632
2021-05-24,2886,2900,2793,2836,147190132
2021-05-25,2900,2958,2886,2908,168676803
2021-05-27,2822,2993,2822,2958,622692705
2021-05-28,2908,2979,2872,2886,274099434
2021-05-31,3043,3058,2936,2951,326538660
2021-06-02,3043,3129,3022,3108,312257333
2021-06-03,3115,3115,3015,3051,173444725
2021-06-04,3101,3136,3065,3129,138144236
2021-06-07,3036,3108,3008,3101,152755788
2021-06-08,3001,3058,2993,3058,108888570
2021-06-09,3015,3051,2929,2929,107433795
2021-06-10,3072,3086,3043,3058,106984877
2021-06-11,3058,3108,3058,3108,57809408
2021-06-14,3108,3108,3058,3093,133363443
2021-06-15,3022,3108,3008,3108,200713646
2021-06-16,2865,2979,2865,2965,481002668
2021-06-17,2879,2908,2808,2843,336253477
2021-06-18,2793,2900,2793,2900,325605954
2021-06-21,2815,2836,2758,2772,159544775
2021-06-22,2886,2908,2800,2815,132832794
2021-06-23,2815,2908,2815,2893,178751767
2021-06-24,2850,2865,2829,2858,55421157
2021-06-25,2850,2886,2850,2879,83150216
2021-06-28,2808,2850,2808,2843,155357663
2021-06-29,2786,2793,2758,2758,133952393
2021-06-30,2815,2836,2779,2786,124133954
2021-07-01,2815,2836,2793,2815,105240907
2021-07-02,2850,2879,2836,2858,93832940
2021-07-05,2786,2829,2772,2808,93466744
2021-07-06,2779,2822,2779,2822,60849751
2021-07-07,2729,2815,2722,2800,163599005
2021-07-08,2765,2786,2729,2779,162349164
2021-07-09,2715,2765,2700,2758,140611578
2021-07-12,2686,2729,2679,2715,131702194
2021-07-13,2700,2715,2686,2715,175683484
2021-07-14,2650,2715,2643,2700,115704508
2021-07-15,2722,2743,2665,2679,139855425
2021-07-16,2743,2758,2722,2750,108336691
2021-07-19,2700,2750,2700,2750,69326497
2021-07-21,2729,2772,2722,2750,111008747
2021-07-22,2786,2793,2743,2765,93842180
2021-07-23,2765,2822,2736,2815,95960267
2021-07-26,2736,2786,2729,2786,90198037
2021-07-27,2715,2758,2693,2758,99741692
2021-07-28,2665,2722,2658,2715,77777283
2021-07-29,2693,2743,2679,2686,102817895
2021-07-30,2650,2736,2650,2736,113633172
2021-08-02,2672,2693,2643,2693,105807637
2021-08-03,2679,2700,2658,2672,87862477
2021-08-04,2750,2750,2693,2708,91847406
2021-08-05,2893,2922,2786,2786,294149590
2021-08-06,2808,2900,2786,2893,152456913
2021-08-09,2750,2822,2729,2815,102404178
2021-08-10,2729,2779,2722,2779,94349949
2021-08-12,2722,2750,2715,2750,94464021
2021-08-13,2765,2772,2729,2729,104829940
2021-08-16,2808,2808,2743,2765,70083530
2021-08-18,2908,2922,2808,2850,247351372
2021-08-19,2772,2872,2758,2858,218214729
2021-08-20,2808,2815,2736,2772,88330535
2021-08-23,2829,2850,2808,2843,68133856
2021-08-24,2779,2829,2736,2822,150882016
2021-08-25,2779,2786,2750,2750,86571495
2021-08-26,2765,2786,2743,2779,69144334
2021-08-27,2743,2779,2736,2779,79498923
2021-08-30,2815,2815,2743,2750,128539860
2021-08-31,2808,2822,2765,2815,134879489
2021-09-01,2779,2808,2772,2808,97691477
2021-09-02,2765,2779,2743,2758,81242343
2021-09-03,2808,2808,2722,2750,165056860
2021-09-06,2750,2843,2750,2822,188929693
2021-09-07,2793,2800,2765,2779,140380354
2021-09-08,2931,3049,2923,3002,228087900
2021-09-09,2931,2963,2868,2908,306319600
2021-09-10,2971,2978,2884,2916,177033000
2021-09-13,2908,2947,2876,2916,169825000
2021-09-14,2908,2931,2876,2923,216363400
2021-09-15,2876,2884,2845,2884,263544000
2021-09-16,2861,2876,2837,2868,194782800
2021-09-17,2837,2861,2806,2853,346529100
2021-09-20,2821,2821,2758,2821,357971300
2021-09-21,2806,2813,2751,2758,410533900
2021-09-22,2837,2868,2766,2766,416087300
2021-09-23,2963,2963,2821,2829,432390800
2021-09-24,3002,3033,2963,2978,634549600
2021-09-27,2947,2986,2931,2963,380151200
2021-09-28,2923,2963,2900,2963,306827400
2021-09-29,2939,2947,2900,2923,143081800
2021-09-30,3026,3041,2947,2955,416099000
2021-10-01,3065,3081,3010,3026,359864700
2021-10-04,3120,3151,3057,3065,335762600
2021-10-05,3088,3128,3073,3104,236562700
2021-10-06,3238,3261,3081,3081,446708800
2021-10-07,3238,3277,3198,3261,264905400
2021-10-08,3269,3332,3246,3293,196631600
2021-10-11,3285,3301,3246,3269,146720100
2021-10-12,3316,3332,3285,3285,241196000
2021-10-13,3363,3379,3316,3324,264629400
2021-10-14,3340,3418,3324,3363,196989500
2021-10-15,3395,3403,3316,3340,318189600
2021-10-18,3466,3466,3411,3418,286829000
2021-10-19,3458,3497,3426,3497,161256300
2021-10-21,3426,3505,3395,3497,319230200
2021-10-22,3458,3458,3395,3411,160459300
2021-10-25,3379,3434,3379,3403,128240100
2021-10-26,3418,3434,3356,3363,108782400
2021-10-27,3371,3411,3348,3403,258038300
2021-10-28,3332,3379,3301,3308,159645200
2021-10-29,3340,3379,3316,3379,155011100
2021-11-01,3324,3403,3316,3403,102079300
2021-11-02,3308,3356,3308,3356,124799700
2021-11-03,3371,3379,3308,3340,100486300
2021-11-04,3340,3411,3340,3403,119591100
2021-11-05,3332,3356,3308,3356,74347000
2021-11-08,3324,3348,3316,3340,79465600
2021-11-09,3340,3340,3316,3324,92453200
2021-11-10,3340,3348,3308,3324,69475400
2021-11-11,3340,3379,3324,3371,149637700
2021-11-12,3316,3371,3308,3356,80234400
2021-11-15,3269,3316,3253,3316,220142300
2021-11-16,3246,3277,3238,3238,163555000
2021-11-17,3301,3301,3269,3277,126523700
2021-11-18,3285,3293,3253,3261,114881200
2021-11-19,3363,3371,3316,3316,182167700
2021-11-22,3363,3387,3340,3387,151514000
2021-11-23,3308,3363,3301,3363,104294200
2021-11-24,3308,3324,3293,3301,111072800
2021-11-25,3316,3340,3285,3285,123609400
2021-11-26,3269,3316,3261,3293,148652500
2021-11-29,3277,3293,3206,3261,164312800
2021-11-30,3214,3316,3214,3261,316653200
2021-12-01,3206,3285,3198,3214,163457900
2021-12-02,3301,3316,3191,3191,139281800
2021-12-03,3277,3316,3277,3308,93227100
2021-12-06,3230,3316,3230,3301,106610000
2021-12-07,3324,3324,3269,3293,182048000
2021-12-08,3308,3340,3277,3340,143230200
2021-12-09,3293,3316,3269,3316,90471500
2021-12-10,3246,3269,3246,3246,122999200
2021-12-13,3269,3301,3269,3277,86848900
2021-12-14,3246,3269,3246,3261,100110000
2021-12-15,3301,3324,3253,3261,124522800
2021-12-16,3253,3316,3238,3316,136646600
2021-12-17,3230,3253,3214,3214,153165400
2021-12-20,3238,3246,3191,3198,89198900
2021-12-21,3206,3238,3206,3222,109561800
2021-12-22,3183,3230,3183,3222,104738000
2021-12-23,3222,3230,3191,3214,72736800
2021-12-24,3198,3238,3183,3222,59795000
2021-12-27,3191,3230,3191,3198,65491200
2021-12-28,3214,3230,3198,3214,52952500
2021-12-29,3206,3222,3198,3214,27676500
2021-12-30,3230,3253,3191,3206,146989400
2022-01-03,3285,3293,3214,3238,90842500
2022-01-04,3269,3308,3269,3301,93950000
2022-01-05,3308,3324,3246,3285,174376400
2022-01-06,3269,3332,3253,3332,137280000
2022-01-07,3293,3301,3261,3277,101275000
2022-01-10,3285,3308,3285,3293,70722600
2022-01-11,3261,3285,3246,3285,99404900
2022-01-12,3269,3285,3246,3277,65907000
2022-01-13,3293,3293,3277,3285,103522400
2022-01-14,3285,3308,3269,3293,110213800
2022-01-17,3308,3308,3285,3301,102957100
2022-01-18,3293,3332,3253,3332,120275000
2022-01-19,3246,3308,3246,3308,109954700
2022-01-20,3246,3269,3230,3246,86394600
2022-01-21,3277,3277,3230,3246,84972500
2022-01-24,3238,3269,3222,3253,76709900
2022-01-25,3198,3230,3143,3222,185007800
2022-01-26,3214,3222,3167,3167,97589500
2022-01-27,3253,3253,3191,3198,80682900
2022-01-28,3253,3277,3214,3277,84812100
2022-01-31,3198,3277,3198,3277,78498500
2022-02-02,3198,3238,3191,3238,81546300
2022-02-03,3246,3285,3246,3285,157898800
2022-02-04,3308,3308,3261,3277,236602900
2022-02-07,3458,3466,3316,3332,468016600
2022-02-08,3489,3576,3458,3497,310878100
2022-02-09,3497,3536,3442,3458,149000100
2022-02-10,3513,3536,3497,3536,112521600
2022-02-11,3497,3497,3442,3474,103418200
2022-02-14,3466,3497,3442,3497,105260000
2022-02-15,3481,3497,3450,3489,96658500
2022-02-16,3474,3513,3466,3513,89636300
2022-02-17,3458,3466,3411,3450,118305100
2022-02-18,3481,3489,3434,3458,127058000
2022-02-21,3529,3529,3489,3505,133717300
2022-02-22,3481,3513,3474,3489,109060900
2022-02-23,3521,3552,3505,3552,160827800
2022-02-24,3450,3513,3434,3513,217523600
2022-02-25,3576,3576,3466,3497,301346400
2022-03-01,3639,3819,3639,3811,494657800
2022-03-02,3584,3686,3576,3678,186635200
2022-03-04,3670,3717,3623,3709,292022600
2022-03-07,3552,3639,3552,3599,224515800
2022-03-08,3481,3584,3481,3536,214870200
2022-03-09,3591,3607,3536,3560,191967100
2022-03-10,3591,3646,3544,3646,225575800
2022-03-11,3595,3628,3570,3595,275965300
2022-03-14,3693,3709,3603,3628,212052100
2022-03-15,3766,3791,3701,3717,357755700
2022-03-16,3799,3807,3766,3799,226817000
2022-03-17,3799,3840,3766,3832,224068000
2022-03-18,3742,3840,3742,3840,257863400
2022-03-21,3750,3783,3726,3758,118791900
2022-03-22,3791,3848,3791,3832,177758500
2022-03-23,3799,3832,3775,3824,146545100
2022-03-24,3864,3864,3775,3791,206271600
2022-03-25,3848,3889,3799,3889,137104800
2022-03-28,3864,3873,3815,3864,106801800
2022-03-29,3832,3881,3815,3881,93155100
2022-03-30,3848,3873,3832,3873,83364400
2022-03-31,3807,3881,3807,3840,158650000
2022-04-01,3864,3864,3783,3832,145105000
2022-04-04,3840,3864,3807,3864,103902000
2022-04-05,3840,3873,3815,3864,76154300
2022-04-06,3758,3832,3758,3832,111009800
2022-04-07,3783,3815,3775,3815,91942500
2022-04-08,3766,3799,3758,3783,125657900
2022-04-11,3734,3775,3734,3758,109861100
2022-04-12,3766,3766,3717,3717,96961200
2022-04-13,3766,3791,3750,3791,112327600
2022-04-14,3709,3766,3701,3758,150659600
2022-04-18,3717,3742,3709,3717,82795100
2022-04-19,3734,3758,3709,3717,148475600
2022-04-20,3963,3979,3758,3766,404383100
2022-04-21,3922,3963,3889,3963,208253300
2022-04-22,3881,3963,3856,3881,174349500
2022-04-25,3954,3963,3815,3840,235752400
2022-04-26,4036,4069,3946,3954,262734300
2022-04-27,3963,4028,3963,4003,191955100
2022-04-28,3979,4028,3971,3979,193821200
2022-05-09,3701,3889,3701,3881,561600400
2022-05-10,3701,3701,3480,3480,435782800
2022-05-11,3668,3742,3660,3717,205233800
2022-05-12,3530,3668,3513,3668,207373600
2022-05-13,3472,3562,3472,3472,336711300
2022-05-17,3636,3693,3489,3489,272650400
2022-05-18,3636,3701,3619,3677,129716500
2022-05-19,3628,3644,3513,3554,132614900
2022-05-20,3619,3668,3603,3628,122101000
2022-05-23,3538,3628,3530,3603,175709000
2022-05-24,3644,3677,3530,3530,165758600
2022-05-25,3554,3636,3554,3619,138961700
2022-05-27,3709,3709,3628,3677,209962100
2022-05-30,3619,3709,3587,3709,193724500
2022-05-31,3783,3783,3636,3652,379626500
2022-06-02,3660,3758,3660,3709,225697500
2022-06-03,3693,3734,3685,3701,117643300
2022-06-06,3619,3685,3595,3652,157277700
2022-06-07,3595,3644,3595,3644,133318000
2022-06-08,3652,3652,3579,3595,150604000
2022-06-09,3668,3693,3660,3677,161768800
2022-06-10,3595,3652,3562,3652,222410400
2022-06-13,3546,3554,3480,3480,164017200
2022-06-14,3562,3603,3513,3513,150381800
2022-06-15,3636,3636,3562,3562,160729900
2022-06-16,3619,3701,3603,3611,240023000
2022-06-17,3570,3595,3554,3570,185763100
2022-06-20,3595,3603,3546,3595,95058800
2022-06-21,3579,3619,3579,3619,103964600
2022-06-22,3530,3603,3521,3603,106208500
2022-06-23,3521,3562,3513,3513,127600700
2022-06-24,3546,3554,3521,3530,66083900
2022-06-27,3497,3538,3489,3521,152306100
2022-06-28,3513,3538,3497,3530,178535800
2022-06-29,3415,3521,3415,3497,228536100
2022-06-30,3391,3448,3366,3366,239939100
2022-07-01,3382,3431,3358,3391,154659500
2022-07-04,3301,3366,3235,3342,246853600
2022-07-05,3342,3399,3301,3301,180648400
2022-07-06,3333,3350,3284,3309,125309100
2022-07-07,3309,3358,3301,3301,172127500
2022-07-08,3431,3431,3309,3342,112914000
2022-07-11,3366,3407,3350,3391,80867700
2022-07-12,3358,3382,3350,3366,56085200
2022-07-13,3317,3374,3293,3358,165745200
2022-07-14,3325,3342,3276,3276,188729700
2022-07-15,3358,3366,3309,3317,91362800
2022-07-18,3382,3382,3333,3358,135284500
2022-07-19,3358,3391,3358,3391,122905900
2022-07-20,3513,3513,3399,3415,220223600
2022-07-21,3521,3521,3456,3513,130405400
2022-07-22,3489,3538,3489,3538,86561100
2022-07-25,3472,3513,3472,3472,60952800
2022-07-26,3538,3554,3480,3489,97709800
2022-07-27,3530,3579,3513,3579,88570800
2022-07-28,3562,3595,3546,3546,136421400
2022-07-29,3562,3619,3546,3587,228669400
2022-08-01,3562,3603,3538,3587,200791700
2022-08-02,3595,3595,3513,3562,173931000
2022-08-03,3579,3611,3554,3603,103412300
2022-08-04,3562,3587,3554,3579,120175700
2022-08-05,3562,3595,3530,3562,168879400
2022-08-08,3570,3595,3546,3562,107242600
2022-08-09,3603,3652,3587,3595,181747100
2022-08-10,3521,3570,3513,3554,205341100
2022-08-11,3554,3603,3546,3579,193329000
2022-08-12,3530,3554,3530,3546,103916700
2022-08-15,3513,3554,3513,3538,135099400
2022-08-16,3497,3554,3489,3554,205432400
2022-08-18,3538,3546,3521,3538,138795300
2022-08-19,3513,3546,3513,3546,84552100
2022-08-22,3489,3538,3489,3530,121124400
2022-08-23,3513,3521,3480,3480,107799500
2022-08-24,3505,3538,3497,3513,75055900
2022-08-25,3489,3513,3489,3497,117653800
2022-08-26,3489,3505,3489,3497,87375200
2022-08-29,3472,3489,3448,3472,88409800
2022-08-30,3480,3513,3472,3472,157219500
2022-08-31,3546,3554,3464,3472,191475700
2022-09-01,3587,3587,3521,3530,139929300
2022-09-02,3636,3636,3579,3603,220616600
2022-09-05,3750,3758,3611,3619,261126600
2022-09-06,3726,3832,3717,3815,188042700
2022-09-07,3644,3717,3644,3685,231936700
2022-09-08,3758,3775,3660,3660,250373200
2022-09-09,3766,3791,3734,3791,119286700
2022-09-12,3726,3783,3726,3766,97988000
2022-09-13,3742,3791,3726,3726,141828800
2022-09-14,3742,3766,3685,3693,149960600
2022-09-15,3766,3840,3750,3758,295664100
2022-09-16,3677,3775,3677,3766,282492200
2022-09-19,3734,3758,3677,3693,134432000
2022-09-20,3668,3758,3668,3734,138695500
2022-09-21,3717,3717,3652,3668,159976900
2022-09-22,3726,3742,3677,3677,100425300
2022-09-23,3660,3726,3660,3709,139074000
2022-09-26,3709,3709,3603,3660,280747500
2022-09-27,3701,3717,3660,3677,213704600
2022-09-28,3693,3726,3660,3685,161815300
2022-09-29,3660,3709,3644,3693,169368600
2022-09-30,3668,3685,3603,3636,224229200
2022-10-03,3701,3717,3660,3677,159559600
2022-10-04,3791,3799,3726,3726,256367100
2022-10-05,3709,3807,3709,3807,182246200
2022-10-06,3685,3734,3685,3709,123346200
2022-10-07,3628,3668,3619,3660,133678600
2022-10-10,3570,3619,3546,3611,193923600
2022-10-11,3619,3619,3570,3587,133742200
2022-10-12,3595,3652,3595,3652,128741800
2022-10-13,3554,3611,3554,3587,104269900
2022-10-14,3489,3587,3489,3579,180841100
2022-10-17,3513,3530,3480,3489,145506000
2022-10-18,3505,3546,3497,3497,161444100
2022-10-19,3513,3546,3497,3497,81682300
2022-10-20,3587,3595,3497,3497,149521700
2022-10-21,3619,3644,3562,3562,165052200
2022-10-24,3677,3709,3619,3619,186997700
2022-10-25,3750,3766,3717,3726,233948800
2022-10-26,3701,3766,3677,3758,178298500
2022-10-27,3758,3758,3701,3717,131385300
2022-10-28,3783,3783,3726,3758,227256400
2022-10-31,3799,3824,3783,3783,275184000
2022-11-01,3807,3840,3783,3832,230590200
2022-11-02,3766,3824,3734,3824,163816900
2022-11-03,3799,3807,3750,3783,174423000
2022-11-04,3799,3807,3766,3799,85292300
2022-11-07,3832,3832,3766,3799,112070500
2022-11-08,3775,3832,3766,3832,80916300
2022-11-09,3799,3799,3758,3758,126493900
2022-11-10,3701,3742,3693,3726,196277400
2022-11-11,3799,3799,3750,3775,153238500
2022-11-14,3742,3791,3717,3775,140187600
2022-11-15,3742,3766,3726,3742,87986300
2022-11-16,3693,3766,3668,3750,245789200
2022-11-17,3815,3815,3677,3693,214514600
2022-11-18,3766,3824,3766,3815,105313200
2022-11-21,3750,3783,3726,3775,82279300
2022-11-22,3750,3815,3734,3734,154866000
2022-11-23,3815,3815,3783,3791,147280600
2022-11-24,3856,3873,3815,3840,156735700
2022-11-25,3881,3881,3832,3840,177861100
2022-11-28,3938,3946,3864,3864,214611600
2022-11-29,3963,3971,3913,3938,184916300
2022-11-30,4069,4069,3922,3930,560639800
2022-12-01,4036,4105,4003,4085,267382600
2022-12-02,3995,4028,3971,4003,199981400
2022-12-05,3995,4028,3971,4012,88463000
2022-12-06,3971,3995,3922,3971,151325300
2022-12-07,3889,3954,3873,3954,253330100
2022-12-08,3954,3954,3848,3889,154313900
2022-12-09,3922,3954,3889,3946,203573100
2022-12-12,3963,3963,3889,3922,139582400
2022-12-13,4061,4069,3954,3979,194233200
2022-12-14,4069,4085,3979,4085,201275800
2022-12-15,4012,4036,3987,4003,170702300
2022-12-16,4069,4069,3938,3938,594601900
2022-12-19,4061,4069,4020,4061,82959800
2022-12-20,4012,4061,3995,4028,78671600
2022-12-21,3995,4036,3979,4012,71277800
2022-12-22,4052,4061,4003,4012,87321400
2022-12-23,3987,4036,3987,4020,53350600
2022-12-26,4028,4028,3995,4003,43581100
2022-12-27,3979,4044,3971,4028,74123800
2022-12-28,3938,3987,3930,3979,117912500
2022-12-29,3979,3979,3922,3938,106690700
2022-12-30,4036,4044,3979,3979,182091500
2023-01-02,3979,4020,3938,4012,100200100
2023-01-03,3963,4003,3946,3946,95136500
2023-01-04,3897,3963,3897,3963,188071000
2023-01-05,3791,3889,3734,3881,292142000
2023-01-06,3775,3791,3717,3717,175932000
2023-01-09,3750,3791,3717,3742,166164900
2023-01-10,3665,3781,3648,3764,282510000
2023-01-11,3624,3665,3607,3648,211610100
2023-01-12,3723,3739,3648,3706,210887800
2023-01-13,3706,3748,3657,3731,134592100
2023-01-16,3739,3748,3657,3665,172170900
2023-01-17,3772,3789,3731,3739,150577400
2023-01-18,3806,3822,3772,3772,178026000
2023-01-19,3814,3830,3789,3797,117204100
2023-01-20,3847,3863,3822,3830,116038300
2023-01-24,3822,3872,3797,3855,81964700
2023-01-25,3772,3822,3764,3822,84009300
2023-01-26,3797,3822,3764,3772,113840400
2023-01-27,3839,3872,3806,3806,178282600
2023-01-30,3814,3872,3781,3847,185972400
2023-01-31,3789,3822,3781,3814,280039200
2023-02-01,3872,3880,3822,3830,181849300
2023-02-02,3806,3872,3806,3847,145413400
2023-02-03,3930,3954,3830,3847,198479900
2023-02-06,3921,3979,3872,3954,141366300
2023-02-07,3930,3963,3905,3921,140923100
2023-02-08,3963,3963,3897,3897,168599500
2023-02-09,3979,4004,3946,3963,177400700
2023-02-10,4021,4037,3946,4004,181146600
2023-02-13,3971,4054,3971,4054,144569400
2023-02-14,4029,4029,3979,3988,120995200
2023-02-15,4029,4045,3979,4045,84568100
2023-02-16,4029,4045,4012,4045,69966200
2023-02-17,4037,4045,3996,4045,104019300
2023-02-20,4037,4054,4004,4054,88432500
2023-02-21,3988,4037,3988,4037,59319100
2023-02-22,3938,3979,3913,3963,107327900
2023-02-23,3971,3979,3913,3979,139144500
2023-02-24,3938,4004,3938,3971,46409300
2023-02-27,3979,3979,3938,3954,89918800
2023-02-28,3863,3963,3863,3938,273125500
2023-03-01,3905,3930,3888,3913,115578600
2023-03-02,3954,3954,3905,3930,59377900
2023-03-03,3938,3971,3913,3971,84777000
2023-03-06,3963,3971,3954,3963,78292000
2023-03-07,4004,4012,3946,3946,111953700
2023-03-08,4004,4012,3988,4012,125766100
2023-03-09,3979,4029,3979,4021,79549800
2023-03-10,3988,3996,3971,3988,125140500
2023-03-13,3996,4029,3946,3979,106769300
2023-03-14,3897,3963,3880,3946,192444400
2023-03-15,3888,3946,3888,3938,107761200
2023-03-16,3913,3930,3839,3888,155984500
2023-03-17,4054,4054,3930,3946,267753300
2023-03-20,4037,4037,3988,4004,113829400
2023-03-21,4054,4070,4004,4029,214639300
2023-03-24,4142,4185,4098,4124,266103900
2023-03-27,4116,4159,4098,4124,144925200
2023-03-28,4142,4150,4116,4116,105217100
2023-03-29,4176,4185,4142,4168,141800500
2023-03-30,4124,4176,4116,4176,98847200
2023-03-31,4107,4124,4090,4107,161561800
2023-04-03,4168,4168,4133,4142,133511700
2023-04-04,4185,4185,4133,4168,88097800
2023-04-05,4194,4237,4168,4176,119316500
2023-04-06,4202,4220,4185,4220,88012300
2023-04-10,4220,4220,4185,4220,58886800
2023-04-11,4237,4246,4194,4220,67275600
2023-04-12,4281,4298,4246,4298,194839900
2023-04-13,4324,4341,4281,4298,141279800
2023-04-14,4406,4428,4341,4385,190097200
2023-04-17,4333,4406,4307,4406,121231300
2023-04-18,4298,4363,4298,4333,95747700
2023-04-26,4363,4472,4281,4472,273336000
2023-04-27,4472,4472,4333,4333,125947200
2023-04-28,4428,4580,4428,4493,251912000
2023-05-02,4472,4493,4385,4493,84246100
2023-05-03,4428,4537,4385,4537,183524700
2023-05-04,4472,4493,4406,4472,140482000
2023-05-05,4537,4558,4450,4537,182599600
2023-05-08,4428,4558,4385,4558,107804200
2023-05-09,4450,4450,4363,4385,102987300
2023-05-10,4472,4472,4385,4406,108369600
2023-05-11,4472,4493,4428,4493,85618800
2023-05-12,4472,4493,4428,4428,92625800
2023-05-15,4472,4493,4363,4472,163732600
2023-05-16,4515,4515,4428,4493,73611200
2023-05-17,4515,4558,4493,4558,115834500
2023-05-19,4689,4732,4515,4537,185672200
2023-05-22,4710,4775,4602,4602,162655900
2023-05-23,4775,4862,4754,4754,255251600
2023-05-24,4862,4862,4732,4797,187436100
2023-05-25,4754,4841,4732,4775,224391900
2023-05-26,4862,4862,4710,4710,154003100
2023-05-29,4819,4884,4754,4862,125049100
2023-05-30,4775,4862,4775,4775,67363200
2023-05-31,4841,4841,4667,4841,898453700
2023-06-05,4710,4862,4710,4862,255472600
2023-06-06,4732,4775,4645,4689,92019300
2023-06-07,4689,4754,4645,4754,150377000
2023-06-08,4754,4754,4645,4667,92794100
2023-06-09,4710,4732,4667,4710,77251000
2023-06-12,4689,4689,4667,4689,92314200
2023-06-13,4819,4819,4689,4689,108831400
2023-06-14,4819,4841,4754,4841,79137600
2023-06-15,4797,4797,4732,4754,74388400
2023-06-16,4819,4819,4689,4754,189062600
2023-06-19,4797,4797,4732,4775,55144200
2023-06-20,4819,4819,4754,4754,102926800
2023-06-21,4841,4841,4775,4775,84605400
2023-06-22,4754,4862,4754,4819,94143200
2023-06-23,4689,4754,4689,4710,123350300
2023-06-26,4732,4754,4667,4710,85472100
2023-06-27,4710,4775,4710,4732,110716500
2023-07-03,4754,4819,4732,4775,168559800
2023-07-04,4732,4775,4710,4775,94462600
2023-07-05,4732,4732,4689,4689,109632800
2023-07-06,4710,4754,4689,4732,109446200
2023-07-07,4667,4710,4667,4689,114043800
2023-07-10,4689,4775,4689,4710,78972100
2023-07-11,4710,4732,4667,4667,122094700
2023-07-12,4732,4754,4710,4732,104993700
2023-07-13,4732,4754,4710,4710,134905700
2023-07-14,4797,4797,4710,4732,127814200
2023-07-17,4841,4884,4797,4819,166951300
2023-07-18,4884,4949,4862,4884,120810300
2023-07-20,4884,4906,4819,4841,111117300
2023-07-21,4884,4884,4841,4862,63094600
2023-07-24,4862,4906,4862,4862,62962500
2023-07-25,4906,4949,4884,4884,111248100
2023-07-26,4927,4949,4906,4949,76200300
2023-07-27,4906,4992,4906,4927,109859200
2023-07-28,4949,4949,4884,4884,74036700
2023-07-31,4906,4949,4906,4949,186727400
2023-08-01,4949,4992,4906,4906,100137500
2023-08-02,4949,4971,4906,4906,90611300
2023-08-03,4949,4992,4906,4927,82775000
2023-08-04,4841,4971,4841,4949,150738500
2023-08-07,4949,4971,4841,4862,88104900
2023-08-08,4884,4992,4862,4949,89189600
2023-08-09,4949,4971,4884,4906,91930000
2023-08-10,4949,4971,4927,4927,85474200
2023-08-11,4906,4949,4906,4927,74321000
2023-08-14,4906,4927,4841,4906,127358400
2023-08-15,4841,4927,4841,4906,89597300
2023-08-16,4797,4841,4732,4819,188191900
2023-08-18,4841,4862,4775,4775,121561200
2023-08-21,4775,4841,4775,4819,91640000
2023-08-22,4841,4884,4775,4775,101221500
2023-08-23,4862,4884,4841,4862,78686900
2023-08-24,4819,4884,4819,4884,74407500
2023-08-25,4862,4862,4797,4819,65096500
2023-08-28,4819,4884,4819,4862,37126600
2023-08-29,4862,4862,4797,4797,57547200
2023-08-30,4797,4862,4775,4862,171282700
2023-08-31,4819,4819,4754,4797,175088200
2023-09-01,4841,4862,4797,4862,87366100
2023-09-04,4884,4884,4841,4862,43898200
2023-09-05,4884,4906,4862,4884,72464300
2023-09-06,4841,4906,4841,4884,106367800
2023-09-07,4732,4819,4732,4797,157998600
2023-09-08,4645,4732,4602,4710,243324500
2023-09-11,4710,4710,4602,4645,80474100
2023-09-12,4667,4754,4667,4732,121654400
2023-09-13,4689,4710,4645,4645,59408000
2023-09-14,4710,4710,4623,4623,76831700
2023-09-15,4667,4732,4667,4689,141455400
2023-09-18,4623,4689,4602,4645,61329000
2023-09-19,4667,4667,4602,4623,50612700
2023-09-20,4667,4732,4645,4645,98710100
2023-09-21,4645,4710,4645,4710,68584900
2023-09-22,4645,4710,4645,4645,83184100
2023-09-25,4602,4645,4515,4623,120196700
2023-09-26,4515,4580,4515,4558,180280600
2023-09-27,4537,4602,4493,4493,119774700
2023-09-29,4537,4623,4537,4602,140331100
2023-10-02,4558,4602,4558,4558,81674600
2023-10-03,4580,4602,4558,4558,54462700
2023-10-04,4558,4580,4515,4558,121445000
2023-10-05,4493,4580,4493,4558,116814800
2023-10-06,4493,4558,4493,4515,70202300
2023-10-09,4450,4537,4450,4515,144477000
2023-10-10,4493,4558,4450,4450,98457000
2023-10-11,4558,4580,4472,4472,100394800
2023-10-12,4602,4667,4580,4602,174022400
2023-10-13,4580,4623,4558,4580,84648800
2023-10-16,4558,4623,4558,4623,45782300
2023-10-17,4472,4580,4472,4558,127287200
2023-10-18,4472,4537,4450,4450,77217600
2023-10-19,4341,4472,4341,4428,195831400
2023-10-20,4385,4428,4307,4324,173353600
2023-10-23,4341,4406,4333,4341,82756100
2023-10-24,4428,4428,4298,4341,104021500
2023-10-25,4493,4515,4428,4428,142215000
2023-10-26,4272,4493,4272,4493,330618800
2023-10-27,4341,4385,4289,4298,129599800
2023-10-30,4341,4363,4315,4324,108523700
2023-10-31,4307,4341,4307,4324,106760300
2023-11-01,4194,4307,4194,4272,191567200
2023-11-02,4341,4406,4263,4289,208075400
2023-11-03,4428,4493,4363,4363,125504000
2023-11-06,4515,4515,4428,4428,122333800
2023-11-07,4558,4580,4493,4537,137039400
2023-11-08,4537,4558,4493,4515,86713700
2023-11-09,4515,4580,4515,4537,66236400
2023-11-10,4406,4472,4385,4472,113811900
2023-11-13,4363,4450,4363,4406,63126900
2023-11-14,4406,4450,4385,4406,85419500
2023-11-15,4558,4602,4493,4515,193790400
2023-11-16,4558,4580,4493,4580,99488800
2023-11-17,4537,4558,4493,4493,70727500
2023-11-20,4558,4580,4493,4493,54123600
2023-11-21,4515,4558,4493,4537,104110500
2023-11-22,4580,4602,4493,4493,103585500
2023-11-23,4645,4689,4602,4623,174572400
2023-11-24,4689,4732,4667,4689,92571400
2023-11-27,4645,4732,4645,4710,76019100
2023-11-28,4645,4710,4623,4623,147993400
2023-11-29,4602,4667,4602,4645,106197800
2023-11-30,4580,4667,4580,4667,224426400
2023-12-01,4645,4667,4580,4580,99499500
2023-12-04,4775,4841,4732,4732,235595700
2023-12-05,4732,4775,4710,4710,114689900
2023-12-06,4710,4732,4689,4710,119716700
2023-12-07,4754,4754,4689,4689,102126600
2023-12-08,4667,4732,4667,4710,130542600
2023-12-11,4602,4667,4602,4623,124468600
2023-12-12,4623,4689,4623,4667,134501600
2023-12-13,4602,4645,4580,4602,98881600
2023-12-14,4819,4819,4710,4732,239261700
2023-12-15,4819,4862,4819,4841,252448800
2023-12-18,4775,4841,4775,4841,102780900
2023-12-19,4819,4819,4732,4732,135207300
2023-12-20,4819,4949,4819,4949,138470900
2023-12-21,4841,4862,4797,4819,99049600
2023-12-22,4927,4949,4862,4906,109411300
2023-12-27,4884,4971,4884,4949,122236700
2023-12-28,4971,4992,4927,4949,121434600
2023-12-29,4971,4992,4927,4992,93126000
2024-01-02,5001,5001,4957,4979,91143100
2024-01-03,4935,4979,4935,4957,83659700
2024-01-04,5023,5023,4913,4935,92683500
2024-01-05,5067,5155,5023,5045,134929600
2024-01-08,4957,5111,4957,5067,152015000
2024-01-09,5023,5023,4957,4957,105666200
2024-01-10,5023,5023,4957,4957,82626400
2024-01-11,5067,5111,5023,5067,116804400
2024-01-12,5155,5155,5089,5111,109715700
2024-01-15,5133,5199,5089,5155,115126700
2024-01-16,5133,5177,5089,5133,97074300
2024-01-17,5089,5133,5067,5133,107941600
2024-01-18,5067,5111,5023,5111,87259100
2024-01-19,5111,5111,5023,5067,75370700
2024-01-22,5089,5111,5023,5089,97545600
2024-01-23,5023,5067,4979,5023,122999700
2024-01-24,4979,5023,4913,5001,104225000
2024-01-25,4869,4979,4869,4913,120478800
2024-01-26,4780,4825,4758,4802,185244400
2024-01-29,4913,4913,4758,4758,145629600
2024-01-30,4957,4979,4825,4869,150513700
2024-01-31,5023,5089,5001,5045,245117200
2024-02-01,5067,5111,5045,5089,156633900
2024-02-02,5155,5155,5067,5111,177209700
2024-02-05,5089,5133,5067,5111,113760000
2024-02-06,5133,5199,5111,5199,126704300
